"","T1","T2"
"1",-6.55918027727,-5.70295306392
"2",-3.90309253735,-3.14815398221
"3",-0.753156729845,-0.125092958482
"4",-5.63374278839,-4.04046651454
"5",-6.59906196473,-5.22371641429
"6",-5.07339466973,-3.48966682179
"7",-3.56372385514,-2.34255577683
"8",-5.75388829014,-5.39746747607
"9",-7.23523323447,-6.31513860374
"10",-5.49430849615,-5.37510811724
"11",-6.79657284417,-5.7719455937
"12",-2.59156358073,0.278026191716
"13",-3.06986033782,-0.0476743527374
"14",-2.75768975124,0.110494452827
"15",-0.771583700717,2.65054454554
"16",-3.40430625113,-0.977297582566
"17",-6.37967797568,-3.28657679582
"18",-5.82371153507,-3.22564303746
"19",-4.59185874855,-2.13358174307
"20",-5.33631571919,-2.35760239147
"21",-3.6748464486,-1.76262307758
"22",-2.94875976342,-0.788593314356
"23",-6.36880283491,-2.02530159902
"24",-6.20690920201,-2.05184224039
"25",-6.74107165792,-3.90388848483
"26",-3.3638548823,-0.925067721507
"27",-2.11280999183,0.420254093782
"28",-1.18324450514,0.492933789148
"29",-4.07514544495,-2.29210153234
"30",-2.18997911837,-1.7700543917
"31",-1.79360019375,-0.518814185362
"32",-2.87631426371,-1.89511464217
"33",-2.25427255835,-0.313807211199
"34",-3.58776176517,-3.46743127118
"35",-4.46865769727,-3.82783855954
"36",-2.44822032529,-1.56869049004
"37",0.598011373173,1.13919323211
"38",-0.101360540126,1.19371035428
"39",1.69699736353,3.30351004803
"40",0.403346935544,1.72253478404
"41",1.28051417295,1.98948958426
"42",1.03513933134,2.34669680381
"43",0.627165971554,1.93971084525
"44",1.60738570122,2.35473461325
"45",-0.0125449298889,0.425186833247
"46",0.037281344349,-0.114649228556
"47",-2.21926527215,-2.6824296888
"48",-0.410227742217,-0.884885940576
"49",-1.66883636137,-1.92643034092
"50",-1.88433742027,-1.68104846026
"51",-2.30020956424,-0.369461797892
"52",-0.908090870926,0.706064248123
"53",-0.415359760682,1.57478032775
"54",-0.450570246489,-0.130047966462
"55",0.135414916542,2.05291858034
"56",-0.0474301638516,1.41275789555
"57",-5.35672482312,-2.98461790301
"58",-3.71187811348,-2.618528453
"59",0.511111778653,3.79508213664
"60",2.43369446055,5.47189268948
"61",3.43038992118,5.11037827429
"62",1.0621000917,2.22133803764
"63",2.788829846,3.78587499202
"64",2.24007531118,3.58351662545
"65",1.70193906499,2.67637769949
"66",3.35140005573,4.90980284544
"67",-2.20442862745,-0.651559534032
"68",-3.61305742073,-1.86121540174
"69",-4.0117443758,-2.75094654447
"70",-4.26300481572,-2.03369946602
"71",1.31486082286,2.49879057174
"72",0.192388891271,1.042416876
"73",1.56667099186,1.23138370248
"74",0.656400655666,0.98815103306
"75",1.87217825641,2.01660298954
"76",1.69142514538,1.44144898441
"77",0.287763891415,0.932129047575
"78",0.550251481311,1.62372473245
"79",-3.12494739479,-0.765725650289
"80",-2.53575016943,-1.2426397826
"81",-4.03384055642,-1.24462976048
"82",-2.21293335744,-0.733618747888
"83",-1.66671274565,-0.317538509171
"84",-2.32238166798,-0.936609469746
"85",2.25885199718,3.54506319258
"86",-1.91864477995,1.26657941882
"87",-1.02460233543,1.47402328284
"88",0.0950055077896,3.85530163529
"89",-1.43314524461,0.370865256299
"90",-0.378566933273,1.95141379492
"91",-0.790916634616,0.862474816263
"92",-1.77536569763,-0.267840583672
"93",0.452875085049,1.05973727322
"94",-6.91953925078,-3.55896164629
"95",-7.37288497768,-4.79343881184
"96",-5.36414975463,-2.78996716779
"97",-3.51776112839,-1.38387562888
"98",-3.93941497746,-0.934293311616
"99",-3.33770162848,-0.0225080726953
"100",-4.68903786576,-0.818348349619
"101",-3.11315661781,-0.00412983996458
"102",-4.79367657399,-1.03477038252
"103",-3.35811974292,0.232248032611
"104",-3.88817873085,0.0622454915814
"105",-5.14588199131,-1.36988058374
"106",-6.09959802762,-2.08910385044
"107",-5.75229994473,-2.57293507064
"108",-5.187892159,-1.99002186476
"109",-5.12480621547,-1.21289665762
"110",-3.35143229794,0.0247341833897
"111",-4.60091985393,-1.62368488542
"112",-2.22427121884,2.24610955139
"113",-1.02034189938,2.70559900776
"114",-3.34150591551,1.09641635542
"115",-4.08806263486,0.693544197908
"116",-3.28500345774,1.50190628058
"117",-1.76791665506,2.43381562
"118",-3.07877930274,2.05548528666
"119",-5.30124226777,-0.41437307957
"120",-1.98864094498,3.44235422362
"121",-3.4678910652,-0.0953287626027
"122",-3.92099575609,0.431899194335
"123",-3.24937473491,-0.79238229601
"124",-0.314702890884,2.58044761375
"125",-0.29203280209,3.6090044471
"126",-2.42218036761,2.64330105648
"127",-3.17841329534,2.14758402696
"128",0.720859828392,3.10978592341
"129",1.94882182485,5.34413519419
"130",2.05403713401,4.26867909881
"131",2.52358906721,5.11475998172
"132",0.0370005249326,4.02620651902
"133",0.0397943829912,3.94740770936
"134",2.4860668512,6.20002637962
"135",-2.06583289294,1.31305633945
"136",-0.486964382769,2.77831495865
"137",-2.6155934175,0.0484944364659
"138",-0.713500347143,2.17949221117
"139",0.541621342698,2.83651865658
"140",0.515962014334,3.04280560724
"141",0.169691766156,3.30191323241
"142",-2.92215630762,-0.31964210104
"143",-1.31713997432,1.72440891069
"144",-0.152318783379,2.10644302543
"145",-3.58321010463,1.55757064717
"146",-2.90233426686,2.62015618839
"147",-6.12356964551,-0.541206824885
"148",-7.4895865589,-2.28021600814
"149",-3.43161053061,1.36852340483
"150",-5.79053961494,-0.840254754315
"151",-7.15541541789,-1.96483299184
"152",-6.75415382626,-1.4106367302
"153",-7.68728943184,-3.29854007985
"154",-6.20605506826,-0.964848900602
"155",-7.30386798201,-3.51214488799
"156",-5.83711455629,-1.88974941766
"157",-6.76594632048,-3.32872991575
"158",-5.60722113249,-2.99653601053
"159",-9.4883909549,-5.61060043338
"160",-6.83259637131,-2.80081743537
"161",-8.25258028233,-4.46387640387
"162",-7.42744132925,-3.31194999637
"163",-6.12395332282,-1.7621735911
"164",-5.0936938935,-1.52053227571
"165",-5.75221105845,-2.24018307165
"166",-8.52918275006,-3.84511520265
"167",-7.2157991182,-3.88163850019
"168",-8.06233745299,-4.774411433
"169",-1.91514261878,0.341702773669
"170",-1.17976287642,-0.117723826586
"171",0.0219378523785,1.93235512146
"172",-1.41753842397,-0.264775291784
"173",0.887689489273,1.93638205795
"174",-1.41432335258,-0.103380738563
"175",-2.49041045721,-0.613994712017
"176",-5.76650598578,-4.21320908083
"177",-7.50272961281,-5.7939766301
"178",-2.45305072256,0.865451347482
"179",-1.34886007286,0.633051704043
"180",-3.06210944001,-0.756585649739
"181",-2.76641657043,-1.49445972358
"182",-4.17677239342,-3.58795626162
"183",-3.58898532894,-2.22939570227
"184",-0.23411911777,1.42958564845
"185",-1.8155777513,-0.548261409832
"186",-3.03580657936,-2.68945057262
"187",-2.4052039053,-2.27051709994
"188",-0.177149935276,-0.593586964106
"189",-0.748405155364,-1.89219824352
"190",1.38204570581,0.349623794205
"191",3.34176086791,0.398965572494
"192",3.86811077695,3.09782949881
"193",1.07726968558,0.540507640709
"194",-0.984149934663,0.937759289611
"195",-0.179389265027,0.114040869323
"196",-1.64171667737,-0.117319159764
"197",-0.188302623107,0.837815128694
"198",-3.16189964942,-1.08459697904
"199",-1.41434969895,-0.925360637233
"200",-1.08293389469,-0.747556726311
"201",-1.89132683817,-0.568838968443
"202",0.0155690204054,0.755905364838
"203",0.982574607823,1.72097241045
"204",-1.56566307708,0.595259532401
"205",-1.7140002959,0.418512058183
"206",0.0836875583532,1.23079198573
"207",0.236921168974,-0.0307981888523
"208",0.11196611024,-0.241340670269
"209",-1.5351304131,-1.81782364544
"210",-0.555527835434,-0.790851225008
"211",1.39360957238,1.73811425117
"212",0.320856929599,0.504588953566
"213",-0.848158286892,-0.210038553481
"214",-1.24577523568,-0.586518034346
"215",-6.24134613774,-5.4249055897
"216",-3.7081201553,-3.36950244797
"217",-4.42613095836,-2.67579784514
"218",-5.54936798261,-4.56918102342
"219",-5.61312704931,-5.31374747235
"220",-6.08785612868,-5.30663002817
"221",-7.4331805746,-7.65130054795
"222",-2.15112677786,-2.2197233777
"223",-2.82610371725,-1.54928414954
"224",-6.14645935935,-4.98381101944
"225",-5.07684946847,-4.6411602148
"226",-4.44217171178,-3.32615916393
"227",-2.79308031119,-3.08044129478
"228",-2.29111789806,-1.61858971558
"229",-4.0053068803,-3.22513761266
"230",-3.35694950359,-2.64711046627
"231",0.491363720767,0.378107507316
"232",-0.243727292482,0.0159009641494
"233",2.05980304111,2.02727177811
"234",-2.22254273249,-0.834143284592
"235",-4.71793699543,-3.06757406416
"236",-1.92657752607,0.164115550565
"237",-2.15913326525,-0.872480537773
"238",-0.983086954372,0.159773145899
"239",1.60346548433,1.88693957514
"240",3.09894157343,3.2305762988
"241",0.00383723070202,-0.62134665325
"242",0.467597995198,-0.00565253958763
"243",1.93146887528,0.189802101122
"244",-0.795949190876,-1.22218598826
"245",-0.230439632644,-1.30958021643
"246",-0.264738316491,-0.0295558225308
"247",0.926451603109,2.28140836433
"248",3.12024614911,2.85296027839
"249",1.65740166628,1.6834918921
"250",-1.16068838667,-0.577062357189
"251",-0.0486464308664,0.698445093682
"252",-2.1084226968,-1.1637582772
"253",-4.42883012968,-2.85250975564
"254",-7.95893768087,-5.44315148307
"255",-8.71656837124,-6.18264388537
"256",-8.41302443343,-6.25956162595
"257",-7.74993444088,-6.27915622241
"258",-8.00503143462,-6.63280350224
"259",-9.53956918741,-8.64111523142
"260",-0.788866347483,1.1607297897
"261",-2.70526822953,-0.446866817879
"262",-3.49111643961,-1.7107411794
"263",1.0248542714,2.60150093902
"264",-2.6972327359,-1.81275372494
"265",-2.12034804067,-0.796655343011
"266",-3.25546488123,-1.2901445348
"267",-3.47000894455,-1.12370463579
"268",-3.6200257325,-1.85221803709
"269",-3.84060771057,-1.5375088846
"270",-5.89441590231,-4.38208487627
"271",-6.08553955668,-5.73470276731
"272",-8.45559981722,-5.86822570672
"273",-2.44620371543,-1.58719886146
"274",-2.27639254257,-1.85086478718
"275",-1.76636425151,-1.54693323596
"276",-1.22100442533,-2.06425340088
"277",-4.03727378589,-2.9725938624
"278",-4.43808163761,-4.20059587841
"279",-5.04358544212,-3.42056218669
"280",-3.18342032247,-3.15968507643
"281",-1.8459552887,-1.49911272402
"282",-1.21693311973,-0.543716079889
"283",-1.52124866286,-1.62977971109
"284",-3.09573159141,-2.14140720895
"285",-3.16164680171,-3.48461311073
"286",-2.35619649862,-2.44305852597
"287",0.279363821174,0.594681968209
"288",2.88626087203,1.04088978773
"289",0.905768373553,-0.617301948983
"290",-1.20502831761,-0.479695363092
"291",-3.90382574576,-1.32886981932
"292",1.50414939379,5.41123678178
"293",0.780729335106,5.09515985501
"294",0.247527058723,4.75148775509
"295",2.63969781039,6.80519955299
"296",1.14436319933,4.76717666526
"297",-1.32696703503,2.00900225868
"298",1.40802444186,4.80778950741
"299",0.591107632579,4.33457354126
"300",0.256278342857,2.99016683769
"301",0.35043473333,3.44844020501
"302",0.417829789397,3.4272585449
"303",-1.12713069484,1.35764834792
"304",-2.52748869049,1.47308844932
"305",-0.304417739603,2.27256799719
"306",0.0997510337955,2.64975540138
"307",0.49661598741,3.02187651926
"308",-1.06695171136,1.00081263268
"309",-1.91619094908,-0.763223552297
"310",-1.14291787646,2.23581107337
"311",-0.271537824667,2.08653276783
"312",-0.996570266398,1.72117170721
"313",-2.92785715173,-0.940383241661
"314",0.47168185938,2.93619978684
"315",-0.604168826296,2.15646988623
"316",1.42618094267,3.53426310404
"317",-0.83619253297,0.620449415658
"318",0.74299715331,1.86150477104
"319",4.65521420451,3.78271643743
"320",4.09157287392,3.68016303438
"321",-3.14260244691,-1.34472051809
"322",-0.699278455472,1.61565234826
"323",-3.46992244378,-2.11773580016
"324",-0.508755199032,1.34866601591
"325",0.0119124971472,1.74724530444
"326",-0.492006799639,2.17213968175
"327",-1.12015209466,1.78749494994
"328",0.0803020589968,2.9972443126
"329",-0.713237788705,2.94005425235
"330",-4.51907308399,-1.09450545245
"331",-2.61171860833,0.546881650907
"332",-1.48578227966,0.851927282667
"333",-2.38450221168,0.672768142003
"334",-2.00110641615,1.8001043946
"335",-3.35489020936,1.84860656379
"336",-2.43949435401,1.54399231515
"337",-1.25455299418,3.86585983017
"338",-4.30464749154,0.0108283640489
"339",-3.53474854813,-2.95572844538
"340",-4.59269734782,-4.44753145979
"341",-1.74338205575,-1.76653599212
"342",-4.93375919856,-4.59816292234
"343",-6.13594688978,-4.90359816637
"344",-5.8044263979,-4.80492093954
"345",-1.35535090523,-1.78947830646
"346",0.537167537052,0.867614744722
"347",-0.73510313437,0.174570492858
"348",-2.59571210814,-1.93848739715
"349",-1.90353259714,-1.70795353624
"350",-1.91266751103,-0.422508369366
"351",-0.394339553124,0.322262845539
"352",-4.07311448633,-4.03053296496
"353",-4.92780945644,-4.90009705139
"354",-2.35996457357,-1.81585891691
"355",-1.21022076998,-1.68983670681
"356",-0.648918856884,1.48281976323
"357",-0.340500686357,1.37602279525
"358",-0.969214800922,0.50976966171
"359",0.824369606096,2.3437188375
"360",0.513211096177,2.25506029237
"361",2.60468785479,4.65290173055
"362",0.549138544599,2.59076859681
"363",2.55304719817,4.31098678085
"364",2.10609775398,4.47848709483
"365",0.800775107073,4.08110283253
"366",-0.163552319071,1.47815791557
"367",0.856878070815,1.66315879706
"368",1.95700948501,2.61694569853
"369",-0.657546206385,0.582726227649
"370",2.24413902744,3.18656118526
"371",2.48984020901,4.54127373183
"372",0.71841269576,2.23245046149
"373",-2.44981253373,0.319419493786
"374",-4.65672557436,-1.33983081609
"375",-5.20360615888,-2.13150549722
"376",-4.51646745833,-0.904213976378
"377",-4.48042732551,-1.53104797076
"378",-7.11600794538,-3.87390337708
"379",-7.14077337939,-4.43944130122
"380",-2.56661120116,-0.880997408726
"381",-4.50631401096,-2.32535642448
"382",-3.2096244749,-0.443829907007
"383",-3.15728921775,-1.72093168506
"384",1.01880599333,3.40830208221
"385",-0.314943517505,1.6185508755
"386",-3.08937274945,-1.00535413844
"387",-2.62781808532,0.194237153543
"388",-6.20388098458,-3.34137105868
"389",-6.72736915618,-3.26925889175
"390",-3.43774279443,-0.0990339122556
"391",-3.05743922503,-0.486082059748
"392",-5.42163393413,-2.25236839231
"393",-3.67333724498,-0.746071148594
"394",-3.58351766869,-1.38980244493
"395",1.02712173217,2.64141917122
"396",-0.00226098093823,2.02727925271
"397",-2.94393223044,-0.563058741051
"398",-0.111021910734,2.55154728504
"399",0.447524757108,2.74551238123
"400",0.160088364891,2.23970714006
"401",0.119369280763,2.23030951523
"402",1.35182355882,3.33824037813
"403",0.35821408974,2.67129988477
"404",-0.189440901124,4.5757744135
"405",1.4677117549,5.51269575254
"406",-2.4140482209,-0.145101613977
"407",-1.59564545743,-0.144944257989
"408",-0.253035337699,0.457802480835
"409",0.288003076562,1.083171016
"410",-7.6860146797,-8.2920807449
"411",-4.97808724456,-6.66029604029
"412",-3.46613469277,-2.86300891171
"413",-5.32243292612,-4.42388432359
"414",-5.10704693443,-5.20469051213
"415",-5.53929832051,-6.12436582242
"416",-3.6083107947,-3.8776928663
"417",-4.50145457756,-4.63485257952
"418",-6.9501511888,-6.88731766012
"419",-6.16290625303,-6.05158157659
"420",-6.39883393438,-6.74456450108
"421",-4.45170691278,-4.43331019117
"422",-3.24120308323,-4.19432915451
"423",-2.18860376501,-3.43911406831
"424",-2.10622429633,-2.29283330344
"425",-6.67946251258,-5.72758865612
"426",-5.114687765,-4.92416550669
"427",-4.36297159164,-3.34256536861
"428",-3.43273864699,-2.42107191703
"429",-3.46403347577,-1.03204766034
"430",-4.44035914119,-2.37753569028
"431",-6.69499616302,-5.38927794528
"432",-4.57129815383,-3.52517353655
"433",-7.60603423597,-5.84431706882
"434",-7.07851237909,-5.73911154287
"435",-6.63704668867,-6.09272741077
"436",-4.0633978006,-3.07383830393
"437",-6.67281634564,-6.37491748585
"438",-3.67118542149,-2.36461965364
"439",-5.4239743505,-4.33729603486
"440",-5.76873155135,-2.91196063976
"441",-4.15819202812,1.85757549113
"442",-2.53129855965,3.14852353665
"443",-3.87959650102,2.22424147318
"444",-1.16487524966,3.95979948801
"445",-2.84717056201,1.40263249952
"446",-0.34124365033,3.61020883444
"447",1.54495516416,5.01472878737
"448",0.860466569321,5.19923648839
"449",1.41503008136,5.93680808986
"450",-0.794003778741,2.28416890416
"451",0.561257602782,3.7307459871
"452",0.245718387924,5.34451186919
"453",0.313001202958,4.90513834181
"454",1.21635393834,5.00964391353
"455",0.700942692597,4.77362407398
"456",1.02305915202,3.94272701831
"457",1.19890907674,5.10193967457
"458",2.14666699038,4.99322258519
"459",1.75573041883,4.71407430026
"460",5.50897156638,5.98029155814
"461",5.38324897734,6.83470425933
"462",5.51446271151,8.6743005847
"463",3.6238533707,6.90223905637
"464",4.11067493688,6.45992107049
"465",2.07666934273,4.88641339154
"466",5.50286790678,7.81126703349
"467",3.43941508328,6.32991327478
"468",4.5018843497,7.04404362171
"469",2.96741954968,5.77985474321
"470",-0.371621803183,2.40386731681
"471",-1.53518069601,2.59615280747
"472",2.32349553472,4.84645079232
"473",2.07394092596,2.91317502719
"474",-0.280299857851,2.4944478995
"475",-1.25788538128,-0.232866990537
"476",-1.56828601222,0.0669465176616
"477",-3.67268944969,-1.06527088519
"478",-1.45793900507,0.5293719921
"479",1.4611352272,4.76001914084
"480",0.68170859177,2.93465696552
"481",1.01379989621,2.59265825656
"482",2.25466918954,4.54170016307
"483",-0.686555201091,2.29544270907
"484",1.71264916,3.41914836158
"485",2.65453562814,3.8788567291
"486",3.03378758073,3.79705924687
"487",4.10487585814,4.54151826753
"488",5.11903768241,5.63068280623
"489",3.16120783951,4.39279008098
"490",1.5734835277,4.30282977324
"491",3.26921253628,5.87349556959
"492",-1.92655224423,0.296551071149
"493",-3.06992518494,-1.6673137603
"494",-3.00618958557,-1.25238380082
"495",-0.956185418855,2.1925400326
"496",-1.58258988834,1.8685426085
"497",-2.06159425559,0.455895170684
"498",-1.75376596271,0.41673867028
"499",-5.29622972582,-2.39717164272
"500",-3.65179061804,-0.35228670901
"501",-2.46118911259,0.876204056891
"502",-4.59296254224,-0.79433693677
"503",-2.43033488814,-0.060069656097
"504",-3.26405860754,-1.38779860971
"505",0.456231030798,2.25088656358
"506",-2.64139671078,-1.24202496064
"507",-2.50668170164,0.227896277766
"508",-3.01952427175,-0.39667181568
"509",-3.80676654668,-0.671289249352
"510",-3.42325920497,-2.10393306553
"511",-4.54610959833,-3.21027415495
"512",-0.198329917675,1.19176295174
"513",-3.43700703648,-0.630289171985
"514",-2.71484525627,-0.989488366454
"515",-2.18966255448,0.537212066362
"516",-2.0231359287,0.877204459951
"517",-3.29803219931,0.201676286644
"518",-2.17373351846,0.427846821392
"519",-3.36425929251,-1.00686506697
"520",-3.41968457106,-0.110225862586
"521",-6.67889269034,-6.96377073911
"522",-6.9597111522,-6.16512505991
"523",-7.3500609904,-6.89090216483
"524",-6.10414961624,-6.72450473131
"525",-3.89380521261,-4.38367919384
"526",-1.31473595955,-2.34564536062
"527",-2.59108132722,-3.8441203005
"528",-1.07717645701,-3.73392679531
"529",-2.96137655353,-5.42885153279
"530",-2.36543177317,-3.00323160002
"531",-1.98088929218,-2.66241135889
"532",-2.3226459388,-2.89928010269
"533",0.114523987787,-1.42227959499
"534",-1.48348302685,-2.04641847182
"535",0.499354777313,0.386181107942
"536",-0.190394854553,0.229179373778
"537",-1.61000793555,-2.97136403761
"538",-1.93891012379,-3.61063986884
"539",-1.99556719005,-3.90051740748
"540",-1.1514410366,-2.52202790381
"541",-1.31726900749,-3.67755921687
"542",-4.31921717095,-4.47727312172
"543",-4.40182803763,-4.21080061602
"544",-5.80821363988,-4.24941638848
"545",-4.85195322177,-3.09263692781
"546",-2.65705444022,-0.724169203856
"547",-0.647472042354,1.4991244397
"548",-2.21504367885,0.176927099967
"549",-1.35483185748,-0.641272802277
"550",-2.69814014931,-0.804259180018
"551",-3.63701912277,-1.84065052632
"552",-2.77355478137,-0.957909741428
"553",-4.24766763222,-1.95452651132
"554",-3.64182891297,-1.76792573359
"555",-8.27064417293,-5.63045676204
"556",-7.26746831623,-4.14468166586
"557",-6.14618002328,-2.61139297774
"558",-6.66825730491,-3.91901262331
"559",-5.5624477661,-3.17229645846
"560",-6.448218866,-3.39757774176
"561",-5.59192746114,-2.60303422038
"562",-5.54498017904,-1.90506834523
"563",-5.67170976255,-1.21864221977
"564",-5.46250858741,-2.12097034711
"565",-10.1831590141,-5.93634505247
"566",-8.12908118295,-3.72423934255
"567",-8.55410345783,-5.25417128584
"568",-5.53191777509,-3.10341764221
"569",-3.66443311897,-1.33818866353
"570",-3.8996965346,-1.71536895217
"571",-4.18009752711,-1.53938212077
"572",-4.99473783941,-2.685343206
"573",-4.37073973825,-2.00280063824
"574",-9.23953094088,-6.43891258307
"575",-8.89112838175,-6.5671441667
"576",-6.58588711636,-4.44791469247
"577",-7.3670279087,-4.64957998183
"578",-8.3179258535,-5.09610757656
"579",-7.40448103444,-5.34783830493
"580",-8.43187982061,-5.92695993936
"581",-7.00815636283,-4.4820653274
"582",-5.71060910828,-3.78393867143
"583",-5.18850763733,-2.53186188559
"584",-6.77950445485,-4.95721188656
"585",-8.79733901542,-6.46265632865
"586",-8.76690021535,-7.15545177557
"587",-7.4266977904,-6.48184797974
"588",-7.59367727689,-5.27602309445
"589",-6.15803776799,-4.30154175372
"590",-4.36034267526,-1.66924352633
"591",-3.96724451557,-1.5513740682
"592",-4.06560601321,-1.14635368275
"593",-6.9499382852,-4.44751788401
"594",-5.21024889005,-2.68916301476
"595",-5.38097242465,-2.83935667643
"596",-10.4704344348,-7.06381374102
"597",-10.1458561144,-5.79056023162
"598",-8.42706039784,-5.30699865351
"599",-11.4967018531,-7.81639363506
"600",-9.65553358515,-6.42022902058
"601",-8.91713722711,-6.01682822033
"602",-6.69136461095,-3.82061109341
"603",-6.06665438539,-1.10170061099
"604",-5.75588521242,-2.08401660481
"605",-4.46284216033,-0.994118571173
"606",-3.927154536,-0.0983065046182
"607",-7.89100776789,-2.57981070245
"608",-7.43612773184,-1.98779277123
"609",-5.81613071588,-1.57244581638
"610",-7.75576611882,-3.09447786912
"611",-10.5440604064,-4.8165424824
"612",-8.55890149395,-3.49891950597
"613",-8.35768121543,-4.04387477554
"614",-10.044642786,-4.61181997241
"615",-9.46206568896,-4.65105959253
"616",-7.85277764183,-3.08174927667
"617",-7.91337167984,-2.8190022603
"618",-7.86198162098,-4.61888052544
"619",-11.1417207054,-5.73897983073
"620",-10.6689880416,-5.24747486541
"621",-9.14122333344,-4.56940791705
"622",-6.91024906261,-2.51631242757
"623",-9.29413767,-3.91356794972
"624",-8.8667715918,-3.42848334443
"625",-9.04117969807,-3.90535990456
"626",-9.9521760899,-5.51241246102
"627",-10.9936491975,-5.80018680421
"628",-9.36534312797,-4.54830400214
"629",-10.8785752845,-4.48282605911
"630",-11.0796636206,-6.34536342372
"631",-9.75547123296,-4.44706838522
"632",-9.33228011743,-3.94528271733
"633",-9.93956143689,-3.83681365334
"634",-9.44750569992,-4.5580291435
"635",-10.8953312401,-5.9712794355
"636",-10.3718152516,-5.19471551731
"637",-10.0990388392,-4.83415195733
"638",-10.1636567456,-4.3092044517
"639",-7.97209341803,-2.37256804497
"640",-8.28630668561,-2.40571427802
"641",-9.49038621984,-2.96918889674
"642",-10.0153512648,-3.78662523772
"643",-7.77686518912,-1.6300771844
"644",-2.01426981964,-1.36494601724
"645",-0.00606201076369,-0.00376209461093
"646",-0.781574328104,-0.809873015759
"647",0.996909767904,0.902950370398
"648",2.62717234501,1.69052114659
"649",3.53949117175,2.46279099191
"650",-0.799300721854,-0.108256860899
"651",-2.74107940961,-1.37422563785
"652",-2.34323944091,-0.95432573202
"653",-5.07321479753,-2.50376469191
"654",-2.14045820695,-0.059582288503
"655",-1.07861439601,-0.67405430352
"656",-2.58647141811,-1.17547662343
"657",-2.07616747782,-1.67808562303
"658",-2.29136259151,-1.3400156745
"659",-5.33510889807,-3.40823268778
"660",-6.42793298828,-4.59385010103
"661",-5.68564696096,-3.47664004924
"662",-6.15528762919,-4.02751021688
"663",-8.40871122339,-5.62230667687
"664",-8.44247354421,-5.59098680519
"665",-6.45173810234,-4.3798514087
"666",-10.4071574485,-8.38902559908
"667",-10.4624955652,-9.06659916162
"668",-6.70736806262,-4.73265637713
"669",-5.21068906601,-3.11976592963
"670",-6.14686301966,-3.23753506183
"671",-4.93077282815,-1.29851264481
"672",-4.32582910011,-0.940993106268
"673",-5.42199445871,-2.21141413191
"674",-4.92664118655,-1.15107801937
"675",-5.70850753563,-0.738545230743
"676",-5.7259942185,-1.94828938065
"677",-6.30499548351,-2.13381510464
"678",-6.40414228146,-2.62139720327
"679",-4.70444064618,-0.527200849371
"680",-4.41961679138,-1.25747939554
"681",-4.21666585441,-1.09260016442
"682",-0.877842145336,1.64743367025
"683",-2.79500674851,0.129210194254
"684",-2.43838938643,0.740899687112
"685",-1.51411786119,2.01553466341
"686",-1.17077827926,1.22979940211
"687",-2.429922592,-0.779533571506
"688",-1.9876589457,0.415993169628
"689",-1.31641877252,1.68148317477
"690",0.902208108707,1.77507801967
"691",-1.48233293212,0.557402410585
"692",-2.26640502717,1.08556001696
"693",-3.28519267295,1.119595371
"694",-3.71674091175,-2.05420607911
"695",-4.91444377119,-2.30953193114
"696",-5.85901345954,-3.62153686268
"697",-1.47522043402,0.424509847547
"698",-2.2890353153,-0.938339160857
"699",-2.45373441693,-1.2254321114
"700",-1.31573442376,1.89594281235
"701",-0.841451344935,2.16137140999
"702",-1.21807646453,1.25041041319
"703",-2.897970822,-0.181774965573
"704",-3.24138456392,-0.65976349899
"705",-4.39581549381,-3.48858812066
"706",-4.05606682737,-2.35695907642
"707",-4.01407240739,-1.14292175274
"708",-2.08231157083,-1.04560619937
"709",-4.7244431883,-3.56817519563
"710",-4.93003699214,-3.59443731077
"711",-2.52495547994,-1.20688906756
"712",-2.51278936588,0.509117500547
"713",-1.71974647272,1.08622880995
"714",-2.87505618913,-0.691318712345
"715",-3.75434804706,-1.22910176555
"716",-3.03452299422,0.179655198268
"717",0.499841594833,-0.233121104415
"718",1.14777685902,0.660650036822
"719",0.0956585827902,-0.0435017610747
"720",-0.966591774285,-1.54631207852
"721",0.679020765387,0.357123706954
"722",2.656285764,1.19211799038
"723",-1.38894809926,-0.760701565577
"724",-0.244147912891,0.467041160913
"725",1.11260186235,2.32426246602
"726",0.574301913312,1.03358197172
"727",-3.26672601398,-1.91405879213
"728",-2.0706613012,-0.391060927286
"729",0.364294635635,3.05186422818
"730",0.63914331366,3.06940091926
"731",-0.058915723238,1.97435221827
"732",0.437816685768,1.46492972907
"733",2.15910704936,2.68252838681
"734",-1.96426002912,-1.21974048732
"735",-3.69000652723,-2.9515800226
"736",-0.824400842279,-0.23171183931
"737",-1.33114824288,-0.312575907443
"738",-0.325615397501,-0.608984728577
"739",-2.19351641503,-1.30890307386
"740",-3.19963099068,-2.78253469638
"741",-3.19767723315,-1.77028694599
"742",-4.90534150246,-2.20945591109
"743",-5.29881438611,-4.77809372252
"744",-3.60347620242,-1.27702670706
"745",-1.13031616054,0.553404030324
"746",-0.973316742574,0.847180287651
"747",-1.83461809305,0.0445073289356
"748",-2.28932146177,0.442162564027
"749",-2.76086715482,0.529650018755
"750",-3.64202905139,0.467864581549
"751",-4.21465344581,-2.28047704593
"752",-4.58341941583,-2.29013146074
"753",-3.81681891519,-2.8141144698
"754",-5.37183151437,-3.76286689176
"755",-3.13364384567,-0.583847511926
"756",-4.44146376458,-2.04751341531
"757",-5.21850002821,-4.32933954296
"758",-3.51298666193,-1.722232104
"759",-3.10236357781,-1.51647505476
"760",-3.19747591414,-2.14447459246
"761",-3.50332768173,-1.02780694571
"762",-3.73160002917,-1.9860209425
"763",-3.08604366838,-1.79808590789
"764",-2.2642927847,-2.04212599156
"765",-1.57261409584,-0.43698982926
"766",-0.853278848901,-1.08747615178
"767",0.856545344182,1.4483047214
"768",-1.98666117638,-1.77670836091
"769",1.5683674307,1.60702539136
"770",-0.861364432107,-1.13476854476
"771",2.21671986301,1.69617550364
"772",1.49880801182,1.63347080176
"773",0.201333170513,0.478718942004
"774",0.727331816377,0.722803036859
"775",-0.544400357186,-0.0365711455921
"776",-2.98374062445,-1.5721264209
"777",-2.40345046954,-1.03125063937
"778",0.535448041314,1.06011277783
"779",1.78296581519,1.38336345402
"780",-0.823183647523,-0.295098320403
"781",1.14221312853,1.88701539844
"782",-3.53499735125,-2.51559668495
"783",-4.07221984751,-2.79842325151
"784",-2.7211293185,-0.420831174916
"785",-2.21381091746,-0.0686043548505
"786",-2.16879238575,-3.03261493077
"787",-3.19362509789,-3.44648980834
"788",-4.71616667866,-5.93581256219
"789",-0.130705505108,-1.19360325096
"790",0.238661485339,0.42256921286
"791",-0.368620150014,-0.289079889595
"792",0.311901555331,1.07605873064
"793",-1.69005078476,-0.0682319665059
"794",0.684148741748,3.80284280609
"795",0.820171898495,1.73916878473
"796",1.58815371549,3.30017688308
"797",0.773806338432,2.6846669365
"798",1.25895261217,3.54378716922
"799",4.17703319978,5.67268728395
"800",1.14995271239,3.7015520246
"801",-0.144365067331,1.26332515224
"802",0.242950800451,1.7026323554
"803",1.77621354042,4.25277775433
"804",2.00751681951,4.14854391945
"805",0.0964187973108,2.50078984543
"806",0.891557391656,2.77200293103
"807",-0.00381746391678,1.59902170503
"808",2.63836130768,4.42261055631
"809",2.82329242459,5.22286692934
"810",1.65642906675,4.14013537882
"811",-0.543393409238,3.02991253451
"812",0.185826954696,3.67388037782
"813",0.80131877407,4.09613440077
"814",1.70997714378,4.47359075155
"815",1.66859730287,3.68018580563
"816",2.0699452054,4.41565087103
"817",1.76559895184,4.75664760728
